30 8
0 0.5739571250422613 0.33743785379800795 0.2964002065597334 0.9888692667214344 0.8367898875870264 0.8947421128495717 0.2520835723029793 0.49712664450570354
1 0.7296850978451668 0.09439253598076058 0.8683606089373828 0.283014964416332 0.04770205446091513 0.6880874205026795 0.7342085684102955 0.14290193301546417
2 0.9803915696245877 0.5285236696695966 0.774001122541004 0.2783560056042734 0.13122794088633316 0.9186642050813032 0.31195278129435455 0.9025712480061119
3 0.7760645659576239 0.34355999315496266 0.5073662599005991 0.8295780198768311 0.2646313408200044 0.8497120404147919 0.3643324488541885 0.9715247331054498
4 0.8099639060414255 0.8773605454900568 0.08516512936748855 0.40912153358434467 0.15174775513328131 0.41652644745004086 0.5252258473861873 0.45098367824114294
5 0.47459957771007055 0.11131789647127444 0.3547655013155011 0.4065958577161294 0.5431839276191389 0.45379871206455047 0.21895396544350854 0.5443556434562079
6 0.6097855353310097 0.5980981774941145 0.7148579366281432 0.37880318969242943 0.5422309855641152 0.7965585150468536 0.23509373437962955 0.5622441793170391
7 0.5589536435292937 0.5915689300276339 0.5313558629045187 0.9312701759432208 0.33655048715197033 0.29572011473325266 0.7385086226969391 0.6651722775015166
8 0.29341801407567725 0.341229078743425 0.6224320342607506 0.37925989528592674 0.3284350239038133 0.16205692061984223 0.24276153567893366 0.0017366116956568645
9 0.2856782250687957 0.3786233617714865 0.4541916554096955 0.32966071479372205 0.13818055149362984 0.884460039805258 0.07044315429871384 0.9859173702120753
10 0.7843719535593224 0.07843723594232621 0.12488471518230282 0.5260498289468768 0.7943306763068253 0.8981466321073941 0.3862529936210346 0.14186986636308418
11 0.043846170046967226 0.43696034104481263 0.1565481681654607 0.630818665606821 0.27623430918736824 0.860235788509541 0.1798211491004602 0.980720767410433
12 0.29443994665950046 0.3719785319304736 0.5589277151301725 0.011636198645431306 0.5744294366814291 0.08918798252118876 0.6623746796603399 0.025017806677502752
13 0.7135949973620725 0.7825814625579294 0.3607812950811896 0.6099956015610342 0.5726587145981724 0.02250430808037196 0.045972203119717725 0.9533614864445905
14 0.8967234088714392 0.9547527886933583 0.025453115783571678 0.8149574824756146 0.3164211862748507 0.2102434552865109 0.5988986370553528 0.2352019875896243
15 0.9752103103535564 0.609777187206186 0.40952894751001456 0.45252577925752047 0.18842395818229773 0.4563487198315679 0.3264067166810889 0.5605805646404689
16 0.07141846650885286 0.41292044503470393 0.2560167198555987 0.3337340659630984 0.7910341425291947 0.42734878210095784 0.5899791789642581 0.9430121656356183
17 0.42832618955885193 0.8876195026747656 0.9941853585861911 0.35047317251036536 0.829701938329088 0.7035203228656328 0.4711099507261829 0.0856758557273064
18 0.01908009382482645 0.9446551870807488 0.9228018138802109 0.2581765137536174 0.7280056534650454 0.8824710427580902 0.7255501559546507 0.5937433750257735
19 0.5988895555673794 0.7920843086531888 0.0025854864035911307 0.9996577666265061 0.8331585985349949 0.08748841456655287 0.46344769425169585 0.6756930268619383
20 0.451641200804881 0.47969915765237126 0.449799804206498 0.5585321248547214 0.8056561931591811 0.8767669992284768 0.5911906080333039 0.04396340498342277
21 0.8115006080006322 0.2211104115124526 0.06989494998476586 0.8309870725771015 0.45316055304879976 0.9936102368549387 0.41755779874482823 0.819666018064384
22 0.5370896900340072 0.20208346156572687 0.413064511643638 0.9526370465115983 0.5511875512028862 0.3376262643687221 0.5683567542881202 0.8637837006057384
23 0.48530943539745075 0.4332876457138868 0.08364068003079261 0.06561531780429686 0.17329463942177348 0.32526513463776097 0.5850601626898982 0.22594014993381784
24 0.792199896074465 0.20952221657723658 0.058127008475938435 0.17441477786771165 0.6111186322479134 0.8192623307185384 0.7380556943695994 0.9598385644217319
25 0.6101199833876328 0.3486699355812706 0.5191875309249655 0.423642422034744 0.5430715547375508 0.8698853171799378 0.9070190637926518 0.047109439004086595
26 0.45547096370401075 0.934097093978124 0.31405948981539933 0.4561259090236456 0.908610411606682 0.5349775597365308 0.5280417180764215 0.016833141702813692
27 0.8788103671121181 0.6742508497653568 0.7969083119203276 0.5001532987385101 0.8067719730154255 0.6383181904280647 0.8718627138640573 0.2956484252963937
28 0.7876073030072118 0.2218277474335949 0.010138144182127995 0.5184378200323194 0.8383681131857876 0.7513032284865847 0.38847589348328615 0.1275514458972441
29 0.9546042390630678 0.9064286931341317 0.9601333331919765 0.16890987451446815 0.5264962557134084 0.9568579649190458 0.19557285613052278 0.3260917028634923
