30 8
0 0.7280635568390561 0.8516778043727017 0.5106761331609087 0.023969072471735076 0.9081899300795071 0.1748634766927325 0.44584482592005803 0.28615877204522555
1 0.2765260139531991 0.2244043088058958 0.5913469213812823 0.21241786515585281 0.8123798747743806 0.1444319949675804 0.9738501836098163 0.05198300918070875
2 0.6050357156307826 0.8007729464545 0.14501397963015106 0.0511785086288562 0.3392071827222072 0.09523285671473403 0.8133290903644184 0.5424076839267921
3 0.4444377340828868 0.059195654830502153 0.10560351034103399 0.3386342633032403 0.37433849063897806 0.39263527444886215 0.751184651086022 0.8489695202012187
4 0.4547460631084671 0.7379420390258891 0.9176056330702863 0.8464535348339373 0.1433724567933602 0.3773233416166123 0.008073435527382378 0.4127337111805308
5 0.9634902229534641 0.552093832562078 0.681368107916832 0.15532228940257875 0.5634347642910449 0.45808987816670244 0.9069376149559819 0.10127659581762372
6 0.8224898476842698 0.13953650328475964 0.069608734369631 0.1889367048511924 0.1409098855470683 0.25897339866426516 0.9744377507268682 0.8909419179709613
7 0.037983665580761605 0.5818599004957591 0.38609247116963663 0.36159489826202007 0.5886900798425424 0.4810146180686077 0.7772996193079487 0.1078022623774153
8 0.05587543134417272 0.20799710060252463 0.7901990640242418 0.6583933958473873 0.9645177308789115 0.3882840214211065 0.36539128805499754 0.09939252210375393
9 0.9640339160261083 0.9116991583666203 0.18327929314498048 0.01922492448990265 0.7557128230826018 0.46336630345068475 0.05207823870591899 0.7908815984211434
10 0.40898057806419863 0.8029271263835867 0.5520154165630683 0.6868049740477081 0.6041796306457022 0.9266482684725724 0.8156093385284036 0.06829342770668112
11 0.3664071519286112 0.8342756322520685 0.07552050483275674 0.11584610983724675 0.42701480451493534 0.17784158380713688 0.6438523539864179 0.7950786563595871
12 0.44068261455913726 0.9948570143889708 0.2033783594101949 0.2702793815863509 0.40072434517152333 0.07878069488193806 0.3195945327453571 0.06513685099414501
13 0.3832961601982341 0.9739759648051212 0.36167358518348636 0.5545472315966145 0.1922567903262914 0.8272703963601644 0.7140467231420474 0.5300649531495688
14 0.2401320770518096 0.16428593084421872 0.020106215445959363 0.6066924011475375 0.9824469875285605 0.9069925297093491 0.2725000508924783 0.5587568227334109
15 0.16898707549988323 0.8682308367162554 0.8457717390181038 0.47701739609571603 0.5149926843719874 0.4693042298943991 0.22820379063133445 0.34634749062406756
16 0.9126557310649528 0.3815688066630146 0.9093720654337696 0.5022748090038894 0.027096809054591664 0.8123933161512354 0.32697996630880066 0.69352225508947
17 0.883645200308871 0.8580092097430295 0.8743841247900754 0.33678010237371325 0.07604545053894951 0.13493166937834888 0.17484993734707144 0.5556806403071463
18 0.35155016281581086 0.104158908778898 0.9835017009954352 0.5888990405984662 0.3628573409080642 0.14531815982494145 0.6998975160968944 0.007320331706194394
19 0.7071204310401877 0.1192353885880223 0.5328045062936676 0.8032327197702199 0.015396637734529262 0.45632573018639166 0.8079429640001289 0.21696292682043117
20 0.6415737703006775 0.6740993899050503 0.4371282136597293 0.45535624036849365 0.08515901948444082 0.5387362083964142 0.7083952526770099 0.03997473716529287
21 0.009890254049245373 0.9108366650520516 0.510297664910217 0.500759936671569 0.09134807765196873 0.03840679304952366 0.6343248785422927 0.3923508524533146
22 0.07945496431668064 0.2119332750446452 0.9907314322837267 0.1709024613441753 0.5121252168731869 0.5856442551928037 0.4893217563029286 0.2810498583537764
23 0.8685511337055762 0.2545565790639398 0.5379885101807576 0.2951467761495161 0.2461066906264 0.7224920057755525 0.4625507151720618 0.8551655593038796
24 0.5206577371168624 0.7833817573928107 0.7323806481383768 0.09205143353542877 0.7062804040218709 0.7654533912059778 0.14748037276491932 0.5793753144123932
25 0.11923455484046785 0.2209287945855447 0.3783440372689818 0.8659053838804521 0.7556507084744006 0.2771149534676267 0.9843879403500294 0.03641501654032342
26 0.11436865044366895 0.7261679712439246 0.4536945640880474 0.6719139153971576 0.47948487577531496 0.9538067597669355 0.3106509522368901 0.02896487412640114
27 0.9795620041386082 0.602432153104677 0.849621035168665 0.8247314818068149 0.396651135830127 0.6072698390852359 0.7907278267169455 0.6020680250591203
28 0.003542914073242698 0.8067654280803906 0.7003633378100244 0.28194512410952466 0.9531164692225887 0.9636768684158007 0.3648376281818545 0.611888968921501
29 0.9775618202155866 0.13101525987244134 0.03747110752566751 0.47055043931630625 0.5149229963582744 0.5586248406170643 0.3744047933507002 0.7516932279714362
