30 8
0 0.2329693793826776 0.5134785766064457 0.15882288677474854 0.9158934520999646 0.9089742853388633 0.10984049443538646 0.7444359400584035 0.04979024291503342
1 0.19560048716930256 0.7480361925209109 0.5721617573679258 0.5982049112394645 0.2243897274786909 0.88674498672467 0.9939552285508358 0.6525598355760411
2 0.5692573953858178 0.44795537388246276 0.9975220097578165 0.5294749535977255 0.45368731610160584 0.38302747293529704 0.6470922062761022 0.9006949851999202
3 0.3010866390889452 0.844993514574831 0.33870302368095906 0.9003243727348965 0.9549766921415882 0.4311214943003703 0.06415559022011474 0.8044435471924647
4 0.9463537355593785 0.40265960530249156 0.3689564846383756 0.14367988694592204 0.6041397461151192 0.2024639792369225 0.9662498833785456 0.5984564657263575
5 0.9700187092223974 0.48769959351142 0.508515796259425 0.44170812678840854 0.45021504216989017 0.613689875449836 0.5125919963057228 0.09345346843739866
6 0.7565962483589408 0.5626120693963307 0.8789723983078616 0.712013861640255 0.807755774314372 0.44553566910987075 0.15817311554790547 0.28324374938719765
7 0.39457757741488075 0.6691598774585475 0.23439098606208741 0.44326823433224116 0.814759038675328 0.681592598837341 0.5404705505919346 0.6596858032471411
8 0.7076156167203997 0.451520973866011 0.9316102891638707 0.9376739050138205 0.8510853124852601 0.22159954504910462 0.9181644467368665 0.842659474050553
9 0.17854914835392444 0.7594711932470025 0.9282466582023182 0.9932424392605562 0.08797825840341744 0.9825063956578438 0.8041241535480298 0.18848760595086556
10 0.9869581260507512 0.6657218471473646 0.3265580289842631 0.4563191478137385 0.5776464132677587 0.08531025325889308 0.3134872767489091 0.16010715939198283
11 0.988200153243624 0.08528529866612622 0.28874371692580425 0.21265304929812046 0.5139943404138915 0.4054907535334963 0.9899342338179539 0.8661015395882811
12 0.7840783290805153 0.1037613447766027 0.8502745389480784 0.9130431687259397 0.7687988440952204 0.048126688136387985 0.6911488261384254 0.3807820277661176
13 0.3790662447068127 0.4709697321712293 0.09175264002188355 0.7238176595764004 0.011030176110438217 0.8192058804770789 0.8052479742781546 0.5387359725797332
14 0.8669907590126003 0.19629856615763397 0.4438170343546365 0.8805532841706529 0.5840809683702887 0.4220653120912008 0.39810736292162385 0.5286709667301507
15 0.6574630987357635 0.7818271689529621 0.1788680165567088 0.8554123112628204 0.036608696651741934 0.45501482341812494 0.7934960479943823 0.96250399914732
16 0.6646892083310032 0.0110545236296824 0.49861012807923344 0.7383934490251624 0.7862106688836116 0.9327248564386016 0.6735248387390917 0.520692378835298
17 0.42761242088524265 0.3610488181516761 0.9138723731237335 0.8445591107418945 0.10110868054793787 0.8861691732162451 0.779783728738942 0.24261097893678518
18 0.6117945853023725 0.49069826572649045 0.062285622629927095 0.14016884619513037 0.9613972769104749 0.7354168022361653 0.2916262883142323 0.4042322164306763
19 0.13325358575813673 0.4620719077792259 0.6254731484785332 0.5063324686959084 0.8040307017539837 0.22750320212793418 0.604122897624334 0.9706403109946055
20 0.5539253582611227 0.43123995614451205 0.9253094268601706 0.45997287254026487 0.38982400989991317 0.41650729778346796 0.6888222289019266 0.41672659616813135
21 0.9124623151497536 0.17136264162556514 0.29212203873185993 0.02422158379615813 0.6470488862392364 0.27049548995058936 0.24488605174200362 0.39632886180359206
22 0.9370360517680834 0.7846434064231836 0.46619908174797 0.1213732843771107 0.05255036166805005 0.35748036798773386 0.0024856358788630795 0.6192900456738474
23 0.7278864832227845 0.533657161193241 0.819822115480161 0.695358184037663 0.45999845440940224 0.6196461434008648 0.21155824651855692 0.4503566247154964
24 0.536514263166704 0.036123694290077224 0.5720343634193216 0.1614401062626144 0.7608176605813234 0.9976406384631962 0.7792852523172648 0.9695309319709667
25 0.5593144526538438 0.22742554869407672 0.6488039592474695 0.053183466080746755 0.08189145634425898 0.03968235924257879 0.0049008148522728945 0.06156657557633294
26 0.23926227639658337 0.46185318089149285 0.9963121126108664 0.039318866350789516 0.17907296134446016 0.5119050709284009 0.3103075159371883 0.3111557268772075
27 0.3213749591331476 0.02976575184085062 0.3654409625156173 0.5768829578333357 0.5064497711980833 0.5412790999093473 0.7075297424887891 0.32076261825875696
28 0.018087541937744755 0.8420971627667949 0.9549399491888598 0.14622291727717562 0.7557946583629054 0.3752824796823643 0.7133890008212995 0.3859017406899332
29 0.15102613733109815 0.9058760337710038 0.07831686578478225 0.5417223242230969 0.16806703962239233 0.3658862936895697 0.9218119013880285 0.8265026069823461
