1	3
1	6
1	33
1	34
1	36
1	54
1	90
1	109
1	111
1	123
1	129
1	142
1	192
1	203
1	225
1	270
1	300
1	302
1	303
1	308
1	351
1	352
1	357
1	358
1	371
1	379
1	428
1	463
1	471
1	506
1	512
1	555
1	606
1	625
1	651
1	677
1	683
1	693
1	699
1	701
1	711
1	718
1	722
1	756
1	860
1	883
1	916
1	942
1	981
2	4
2	6
2	7
2	12
2	14
2	22
2	24
2	33
2	43
2	60
2	66
2	88
2	94
2	95
2	98
2	158
2	164
2	168
2	176
2	182
2	190
2	194
2	240
2	249
2	284
2	337
2	383
2	387
2	408
2	443
2	461
2	521
2	524
2	532
2	551
2	556
2	596
2	634
2	770
2	806
2	840
2	903
2	927
2	955
2	958
2	964
3	6
3	28
3	34
3	35
3	54
3	90
3	93
3	99
3	107
3	109
3	111
3	170
3	192
3	203
3	216
3	232
3	289
3	300
3	302
3	303
3	308
3	309
3	328
3	362
3	379
3	394
3	396
3	449
3	463
3	471
3	506
3	528
3	555
3	606
3	625
3	658
3	659
3	693
3	701
3	724
3	798
3	942
3	943
3	960
3	981
4	7
4	12
4	14
4	22
4	24
4	31
4	33
4	43
4	53
4	60
4	66
4	70
4	85
4	101
4	117
4	151
4	176
4	190
4	232
4	240
4	272
4	306
4	316
4	337
4	374
4	387
4	406
4	466
4	480
4	489
4	551
4	556
4	582
4	583
4	588
4	778
4	784
4	846
4	857
4	885
4	959
4	978
5	15
5	17
5	21
5	25
5	26
5	30
5	37
5	40
5	63
5	64
5	74
5	120
5	128
5	140
5	142
5	155
5	156
5	159
5	161
5	187
5	207
5	230
5	244
5	260
5	299
5	329
5	349
5	350
5	359
5	403
5	452
5	482
5	529
5	540
5	557
5	584
5	667
5	670
5	715
5	726
5	799
5	872
5	875
6	10
6	31
6	34
6	54
6	90
6	99
6	109
6	123
6	129
6	147
6	203
6	246
6	255
6	270
6	289
6	302
6	308
6	324
6	351
6	352
6	357
6	371
6	396
6	471
6	528
6	595
6	606
6	638
6	649
6	658
6	665
6	674
6	699
6	708
6	709
6	731
6	756
6	964
6	984
7	14
7	22
7	23
7	24
7	31
7	44
7	53
7	85
7	94
7	96
7	98
7	101
7	168
7	176
7	182
7	232
7	235
7	237
7	240
7	284
7	306
7	341
7	442
7	472
7	480
7	493
7	521
7	544
7	572
7	589
7	600
7	610
7	636
7	684
7	734
7	770
7	905
7	983
7	988
8	21
8	25
8	34
8	36
8	37
8	46
8	63
8	76
8	107
8	155
8	156
8	161
8	185
8	211
8	226
8	228
8	244
8	248
8	269
8	305
8	310
8	329
8	331
8	359
8	369
8	392
8	393
8	434
8	438
8	462
8	464
8	495
8	515
8	557
8	561
8	640
8	725
8	746
8	764
8	808
8	888
9	10
9	23
9	34
9	48
9	57
9	67
9	68
9	83
9	86
9	87
9	113
9	143
9	152
9	167
9	175
9	198
9	200
9	240
9	304
9	346
9	367
9	373
9	378
9	398
9	485
9	494
9	510
9	559
9	561
9	574
9	580
9	683
9	687
9	710
9	721
9	782
9	886
9	893
9	919
9	995
9	999
10	11
10	23
10	24
10	25
10	37
10	56
10	57
10	67
10	68
10	83
10	97
10	113
10	143
10	152
10	191
10	208
10	290
10	301
10	346
10	362
10	372
10	398
10	409
10	538
10	548
10	549
10	567
10	639
10	698
10	712
10	782
10	792
10	813
10	850
10	872
10	886
10	974
11	20
11	23
11	48
11	57
11	58
11	67
11	97
11	127
11	152
11	198
11	200
11	206
11	213
11	238
11	242
11	301
11	330
11	348
11	353
11	367
11	373
11	398
11	440
11	476
11	485
11	510
11	520
11	561
11	566
11	581
11	605
11	648
11	673
11	691
11	713
11	717
11	738
11	974
12	14
12	22
12	31
12	33
12	43
12	66
12	85
12	94
12	96
12	100
12	101
12	117
12	125
12	157
12	176
12	182
12	191
12	240
12	280
12	445
12	489
12	521
12	532
12	594
12	632
12	704
12	707
12	733
12	737
12	760
12	813
12	835
12	885
12	905
12	948
12	958
13	28
13	45
13	47
13	49
13	55
13	59
13	65
13	76
13	77
13	84
13	133
13	135
13	137
13	157
13	171
13	187
13	205
13	208
13	285
13	288
13	310
13	325
13	459
13	562
13	627
13	650
13	669
13	702
13	705
13	723
13	736
13	744
13	898
13	917
13	933
13	941
13	977
13	989
14	22
14	31
14	43
14	53
14	60
14	88
14	94
14	98
14	100
14	125
14	162
14	164
14	185
14	237
14	254
14	263
14	271
14	333
14	347
14	406
14	506
14	582
14	596
14	600
14	602
14	632
14	658
14	678
14	733
14	762
14	806
14	946
14	956
14	988
15	17
15	25
15	37
15	40
15	53
15	63
15	64
15	74
15	84
15	98
15	140
15	156
15	159
15	162
15	207
15	260
15	287
15	311
15	419
15	425
15	464
15	547
15	569
15	574
15	586
15	624
15	637
15	685
15	706
15	725
15	807
15	896
15	932
15	935
15	963
15	994
16	26
16	32
16	51
16	68
16	114
16	124
16	134
16	194
16	243
16	255
16	262
16	276
16	297
16	300
16	325
16	344
16	366
16	376
16	421
16	444
16	458
16	492
16	533
16	573
16	612
16	616
16	620
16	708
16	713
16	754
16	809
16	816
16	832
16	869
16	925
16	947
17	21
17	25
17	30
17	40
17	47
17	64
17	120
17	121
17	127
17	128
17	150
17	155
17	159
17	193
17	211
17	228
17	248
17	281
17	291
17	331
17	350
17	419
17	457
17	470
17	609
17	637
17	664
17	692
17	783
17	796
17	801
17	957
17	993
18	19
18	61
18	66
18	102
18	104
18	110
18	119
18	138
18	149
18	159
18	197
18	198
18	219
18	221
18	222
18	252
18	383
18	399
18	424
18	426
18	471
18	501
18	507
18	527
18	542
18	549
18	553
18	560
18	630
18	639
18	662
18	774
18	785
18	861
18	979
19	28
19	35
19	61
19	81
19	82
19	162
19	195
19	197
19	198
19	214
19	217
19	261
19	278
19	281
19	282
19	323
19	342
19	388
19	415
19	450
19	473
19	554
19	626
19	629
19	656
19	663
19	690
19	783
19	785
19	911
19	944
19	973
19	979
19	1000
20	27
20	72
20	93
20	103
20	105
20	122
20	141
20	147
20	168
20	169
20	176
20	254
20	259
20	293
20	299
20	313
20	314
20	340
20	414
20	416
20	517
20	565
20	587
20	647
20	652
20	666
20	680
20	684
20	722
20	854
20	877
20	920
20	958
21	25
21	26
21	46
21	62
21	64
21	111
21	156
21	159
21	244
21	260
21	287
21	291
21	308
21	341
21	350
21	375
21	403
21	419
21	455
21	462
21	483
21	497
21	545
21	557
21	566
21	568
21	664
21	692
21	767
21	800
21	888
22	24
22	43
22	53
22	64
22	66
22	78
22	100
22	105
22	117
22	164
22	176
22	182
22	220
22	243
22	277
22	280
22	337
22	387
22	408
22	441
22	456
22	484
22	534
22	552
22	743
22	765
22	853
22	927
23	48
23	57
23	65
23	67
23	87
23	89
23	97
23	143
23	158
23	242
23	290
23	304
23	346
23	366
23	373
23	378
23	380
23	381
23	485
23	510
23	514
23	561
23	591
23	622
23	691
23	714
23	735
23	763
23	893
24	33
24	48
24	53
24	60
24	85
24	94
24	164
24	272
24	284
24	286
24	296
24	316
24	326
24	381
24	387
24	442
24	478
24	480
24	534
24	589
24	594
24	636
24	734
24	743
24	826
24	880
24	885
24	959
25	46
25	51
25	61
25	65
25	75
25	128
25	230
25	236
25	260
25	303
25	335
25	350
25	359
25	375
25	434
25	451
25	457
25	515
25	564
25	608
25	696
25	725
25	777
25	784
25	814
25	842
26	35
26	38
26	62
26	63
26	64
26	74
26	128
26	142
26	150
26	207
26	249
26	287
26	305
26	359
26	443
26	454
26	470
26	475
26	483
26	497
26	767
26	795
26	799
26	851
26	871
26	874
26	881
26	938
26	957
27	36
27	72
27	81
27	103
27	105
27	122
27	141
27	169
27	259
27	288
27	293
27	299
27	307
27	340
27	414
27	431
27	441
27	565
27	572
27	578
27	647
27	666
27	684
27	720
27	742
27	774
27	876
27	877
27	895
27	920
27	971
28	45
28	47
28	49
28	55
28	60
28	62
28	84
28	121
28	135
28	137
28	157
28	171
28	173
28	185
28	205
28	212
28	285
28	288
28	310
28	331
28	459
28	529
28	627
28	661
28	669
28	705
28	934
28	953
28	969
29	39
29	41
29	44
29	86
29	115
29	153
29	166
29	188
29	207
29	213
29	231
29	258
29	263
29	283
29	298
29	326
29	374
29	382
29	417
29	420
29	453
29	477
29	508
29	598
29	619
29	668
29	686
29	735
29	859
29	914
29	976
30	37
30	40
30	52
30	62
30	63
30	64
30	75
30	120
30	142
30	159
30	230
30	238
30	269
30	311
30	335
30	394
30	419
30	423
30	457
30	459
30	546
30	603
30	608
30	696
30	793
30	807
30	818
30	841
31	33
31	53
31	66
31	94
31	96
31	100
31	117
31	182
31	234
31	237
31	250
31	284
31	286
31	316
31	387
31	467
31	524
31	552
31	602
31	755
31	778
31	860
31	958
31	978
31	983
32	51
32	85
32	114
32	124
32	131
32	134
32	151
32	194
32	251
32	255
32	262
32	265
32	276
32	292
32	297
32	344
32	376
32	397
32	421
32	458
32	472
32	542
32	616
32	675
32	727
32	754
32	809
32	947
33	60
33	96
33	100
33	101
33	179
33	191
33	284
33	291
33	347
33	366
33	443
33	478
33	505
33	528
33	551
33	602
33	743
33	770
33	883
33	905
33	927
33	954
33	955
34	54
34	99
34	129
34	167
34	239
34	270
34	300
34	303
34	308
34	309
34	324
34	328
34	351
34	358
34	396
34	471
34	506
34	660
34	693
34	731
34	734
34	916
34	942
34	981
35	38
35	41
35	62
35	77
35	115
35	143
35	151
35	190
35	193
35	224
35	250
35	282
35	328
35	376
35	452
35	609
35	644
35	646
35	667
35	679
35	697
35	740
35	756
35	831
35	871
35	942
36	97
36	110
36	145
36	157
36	191
36	194
36	199
36	216
36	230
36	393
36	401
36	447
36	454
36	495
36	547
36	590
36	613
36	694
36	770
36	804
36	822
36	869
36	923
36	935
36	957
36	985
37	40
37	75
37	85
37	175
37	187
37	249
37	264
37	269
37	293
37	312
37	313
37	319
37	391
37	482
37	537
37	543
37	696
37	726
37	767
37	836
37	867
37	874
37	994
38	56
38	67
38	71
38	89
38	112
38	118
38	124
38	133
38	145
38	148
38	159
38	216
38	232
38	309
38	371
38	391
38	401
38	415
38	449
38	452
38	498
38	691
38	799
38	903
38	926
38	968
39	41
39	55
39	65
39	73
39	80
39	127
39	139
39	140
39	166
39	256
39	258
39	298
39	314
39	338
39	354
39	390
39	405
39	420
39	431
39	503
39	535
39	571
39	641
39	735
39	887
39	940
39	989
40	62
40	120
40	155
40	156
40	191
40	248
40	260
40	268
40	287
40	350
40	457
40	500
40	543
40	546
40	575
40	592
40	638
40	664
40	726
40	843
40	848
40	862
40	957
41	44
41	56
41	69
41	108
41	131
41	132
41	144
41	229
41	295
41	334
41	338
41	345
41	354
41	389
41	417
41	431
41	446
41	608
41	839
41	846
41	858
41	914
41	940
41	949
41	976
42	52
42	82
42	91
42	95
42	104
42	112
42	130
42	149
42	152
42	180
42	185
42	191
42	197
42	201
42	202
42	209
42	216
42	253
42	274
42	323
42	450
42	487
42	631
42	732
42	773
42	804
42	904
43	47
43	53
43	55
43	60
43	66
43	164
43	168
43	263
43	272
43	387
43	406
43	434
43	596
43	632
43	674
43	704
43	707
43	723
43	798
43	853
43	937
43	956
44	56
44	69
44	90
44	107
44	108
44	139
44	160
44	258
44	283
44	355
44	361
44	369
44	377
44	382
44	389
44	420
44	499
44	571
44	628
44	729
44	757
44	827
44	828
45	47
45	49
45	55
45	59
45	133
45	135
45	137
45	138
45	205
45	238
45	250
45	277
45	285
45	310
45	338
45	507
45	509
45	529
45	635
45	650
45	889
45	898
45	936
45	989
46	74
46	142
46	155
46	175
46	211
46	223
46	226
46	230
46	231
46	268
46	311
46	319
46	375
46	393
46	497
46	525
46	586
46	608
46	671
46	700
46	838
46	880
46	888
47	49
47	53
47	59
47	84
47	135
47	138
47	157
47	171
47	205
47	212
47	252
47	481
47	669
47	702
47	709
47	744
47	924
47	934
47	936
47	945
47	990
48	58
48	67
48	76
48	126
48	158
48	188
48	200
48	214
48	242
48	278
48	327
48	353
48	367
48	497
48	576
48	581
48	599
48	714
48	751
48	870
48	886
49	55
49	59
49	77
49	84
49	121
49	134
49	137
49	138
49	171
49	205
49	300
49	325
49	514
49	562
49	635
49	674
49	702
49	705
49	750
49	889
49	933
50	70
50	71
50	84
50	93
50	105
50	148
50	172
50	181
50	199
50	219
50	239
50	257
50	266
50	356
50	402
50	465
50	505
50	563
50	601
50	631
50	703
50	761
50	787
50	873
50	928
51	114
51	134
51	194
51	195
51	243
51	251
51	262
51	265
51	276
51	376
51	397
51	421
51	492
51	499
51	527
51	533
51	573
51	592
51	612
51	620
51	925
51	947
52	78
52	102
52	110
52	162
52	165
52	204
52	217
52	245
52	253
52	261
52	274
52	292
52	343
52	383
52	428
52	501
52	522
52	570
52	626
52	805
52	855
52	878
53	66
53	85
53	120
53	168
53	176
53	182
53	240
53	472
53	491
53	532
53	534
53	610
53	649
53	775
53	956
54	99
54	109
54	111
54	123
54	129
54	163
54	170
54	246
54	247
54	308
54	349
54	357
54	358
54	379
54	404
54	498
54	528
54	555
54	711
54	855
55	84
55	133
55	137
55	138
55	157
55	212
55	267
55	288
55	310
55	459
55	481
55	504
55	579
55	635
55	718
55	884
55	960
55	989
56	69
56	73
56	80
56	115
56	132
56	153
56	160
56	231
56	295
56	314
56	348
56	420
56	429
56	535
56	598
56	688
56	695
56	864
56	890
56	915
57	58
57	65
57	69
57	76
57	113
57	126
57	167
57	214
57	238
57	250
57	293
57	301
57	372
57	385
57	500
57	687
57	712
57	920
57	999
58	83
58	122
58	140
58	152
58	158
58	206
58	306
58	327
58	440
58	452
58	516
58	567
58	576
58	691
58	710
58	763
58	797
58	812
58	872
58	999
59	84
59	90
59	107
59	121
59	157
59	171
59	173
59	212
59	288
59	310
59	325
59	340
59	529
59	562
59	579
59	753
59	873
59	898
59	975
60	88
60	94
60	96
60	98
60	100
60	220
60	272
60	284
60	295
60	320
60	360
60	526
60	676
60	723
60	946
60	980
61	81
61	91
61	92
61	112
61	118
61	195
61	209
61	222
61	223
61	226
61	233
61	315
61	322
61	342
61	423
61	436
61	662
61	847
61	853
61	979
62	63
62	64
62	150
62	318
62	359
62	369
62	462
62	470
62	475
62	584
62	624
62	732
62	795
62	800
62	836
62	992
62	993
63	76
63	120
63	154
63	161
63	187
63	200
63	244
63	248
63	287
63	331
63	384
63	395
63	403
63	495
63	545
63	575
63	670
64	107
64	128
64	150
64	161
64	234
64	311
64	341
64	437
64	462
64	483
64	564
64	819
64	844
64	899
64	935
65	126
65	137
65	160
65	185
65	229
65	240
65	305
65	365
65	366
65	424
65	454
65	502
65	534
65	596
65	738
65	754
65	972
66	88
66	98
66	100
66	175
66	316
66	400
66	456
66	521
66	588
66	594
66	685
66	728
66	849
66	905
67	68
67	113
67	167
67	179
67	214
67	251
67	353
67	363
67	541
67	583
67	585
67	622
67	673
67	676
67	763
67	995
68	113
68	143
68	152
68	154
68	174
68	200
68	242
68	309
68	363
68	373
68	516
68	559
68	567
68	585
68	645
68	655
68	856
68	921
69	73
69	98
69	108
69	132
69	160
69	213
69	258
69	314
69	429
69	439
69	499
69	514
69	642
69	682
69	793
69	863
69	889
69	915
70	71
70	79
70	93
70	148
70	172
70	181
70	199
70	225
70	227
70	266
70	346
70	356
70	469
70	486
70	615
70	736
70	738
70	759
70	970
70	972
71	93
71	148
71	181
71	199
71	225
71	239
71	279
71	407
71	469
71	486
71	563
71	609
71	697
71	758
71	766
71	816
71	821
71	873
71	895
72	103
72	122
72	169
72	179
72	184
72	254
72	259
72	307
72	313
72	340
72	578
72	587
72	666
72	684
72	739
72	833
72	875
72	926
72	971
73	86
73	131
73	188
73	338
73	339
73	370
73	405
73	429
73	431
73	439
73	555
73	571
73	575
73	686
73	776
73	827
73	976
73	991
74	82
74	224
74	291
74	318
74	335
74	350
74	438
74	464
74	525
74	537
74	543
74	547
74	807
74	836
74	875
74	881
74	888
75	128
75	142
75	155
75	191
75	228
75	264
75	291
75	312
75	365
75	457
75	497
75	597
75	617
75	655
75	799
75	836
75	848
75	867
76	83
76	113
76	126
76	143
76	206
76	304
76	327
76	398
76	425
76	440
76	500
76	585
76	605
76	639
76	870
76	893
77	102
77	126
77	127
77	137
77	147
77	157
77	162
77	196
77	216
77	417
77	438
77	493
77	496
77	540
77	587
77	868
77	970
77	998
78	97
78	149
78	186
78	233
78	256
78	433
78	485
78	554
78	604
78	607
78	611
78	643
78	663
78	766
78	785
78	805
78	822
78	982
78	992
79	148
79	172
79	178
79	181
79	199
79	225
79	257
79	259
79	402
79	563
79	580
79	621
79	736
79	752
79	768
79	859
79	879
79	895
79	908
79	997
80	86
80	115
80	136
80	153
80	231
80	295
80	296
80	326
80	339
80	361
80	370
80	382
80	389
80	390
80	422
80	461
80	653
80	687
80	915
81	95
81	147
81	186
81	204
81	217
81	221
81	222
81	336
81	413
81	444
81	656
81	672
81	690
81	694
81	748
81	820
81	861
82	91
82	95
82	104
82	110
82	198
82	221
82	231
82	232
82	292
82	294
82	388
82	426
82	526
82	629
82	815
82	817
82	952
83	106
83	151
83	174
83	327
83	330
83	363
83	365
83	378
83	385
83	461
83	520
83	561
83	721
83	812
83	876
83	909
84	121
84	135
84	137
84	157
84	173
84	208
84	325
84	562
84	619
84	679
84	709
84	977
85	88
85	96
85	98
85	117
85	154
85	161
85	220
85	441
85	521
85	551
85	636
85	840
85	958
86	104
86	107
86	129
86	180
86	202
86	234
86	352
86	379
86	540
86	571
86	633
86	702
86	745
86	771
86	779
86	882
87	97
87	143
87	152
87	158
87	206
87	211
87	242
87	333
87	346
87	440
87	476
87	514
87	520
87	583
87	634
87	639
87	818
88	101
88	168
88	178
88	237
88	408
88	493
88	544
88	589
88	634
88	676
88	743
88	755
88	950
88	980
89	111
89	112
89	142
89	215
89	219
89	235
89	264
89	267
89	270
89	388
89	443
89	560
89	578
89	632
89	635
89	961
89	972
90	109
90	170
90	192
90	199
90	324
90	328
90	467
90	649
90	701
90	711
90	724
90	730
90	798
90	916
91	112
91	165
91	209
91	215
91	221
91	233
91	285
91	364
91	490
91	502
91	560
91	607
91	672
91	694
91	785
91	791
92	116
92	147
92	149
92	189
92	201
92	222
92	320
92	383
92	430
92	447
92	448
92	457
92	542
92	629
92	692
92	748
92	859
93	148
93	172
93	181
93	279
93	401
93	402
93	407
93	550
93	681
93	697
93	830
93	970
93	997
94	100
94	108
94	117
94	190
94	382
94	387
94	456
94	489
94	582
94	674
94	835
95	104
95	130
95	189
95	233
95	252
95	274
95	317
95	321
95	424
95	445
95	607
95	671
95	792
95	864
96	98
96	101
96	147
96	182
96	214
96	301
96	347
96	360
96	381
96	435
96	442
96	937
97	111
97	167
97	188
97	398
97	494
97	548
97	581
97	585
97	886
97	919
97	921
97	974
98	164
98	240
98	337
98	408
98	466
98	689
98	835
98	907
98	941
99	123
99	129
99	184
99	247
99	308
99	324
99	339
99	351
99	357
99	386
99	677
99	771
99	798
99	860
100	101
100	117
100	263
100	441
100	474
100	544
100	610
100	612
100	927
100	954
101	107
101	117
101	237
101	432
101	443
101	493
101	737
101	775
101	892
101	988
102	130
102	219
102	273
102	301
102	320
102	399
102	415
102	447
102	531
102	607
102	657
102	817
102	863
102	952
103	105
103	122
103	141
103	307
103	340
103	374
103	492
103	517
103	572
103	587
103	653
103	666
103	680
103	749
104	119
104	130
104	165
104	252
104	342
104	501
104	598
104	681
104	820
104	855
104	929
104	998
105	141
105	313
105	519
105	572
105	587
105	652
105	720
105	722
105	845
105	877
105	920
105	926
106	107
106	116
106	158
106	330
106	378
106	385
106	409
106	428
106	548
106	559
106	622
106	710
106	740
106	808
106	810
106	999
107	147
107	165
107	332
107	341
107	373
107	476
107	517
107	571
107	707
108	183
108	188
108	231
108	345
108	424
108	431
108	445
108	461
108	609
108	668
108	776
108	846
108	961
109	163
109	289
109	303
109	379
109	444
109	472
109	528
109	558
109	660
109	699
109	731
109	916
110	130
110	177
110	315
110	343
110	406
110	413
110	427
110	490
110	503
110	654
110	732
110	783
110	791
111	123
111	170
111	203
111	246
111	302
111	357
111	396
111	463
111	528
111	683
111	825
112	130
112	233
112	234
112	253
112	604
112	654
112	718
112	728
112	791
112	805
112	914
112	952
113	126
113	232
113	290
113	304
113	345
113	346
113	541
113	599
113	821
113	919
114	134
114	194
114	243
114	265
114	297
114	376
114	413
114	421
114	444
114	533
114	587
114	675
114	811
115	160
115	296
115	326
115	345
115	628
115	644
115	686
115	713
115	772
115	840
115	846
115	866
116	217
116	219
116	221
116	294
116	320
116	322
116	410
116	527
116	593
116	645
116	774
116	847
116	891
116	911
117	354
117	365
117	391
117	491
117	704
117	751
117	826
117	937
118	165
118	177
118	186
118	198
118	202
118	222
118	273
118	343
118	450
118	574
118	593
118	718
118	831
118	862
119	165
119	185
119	234
119	278
119	320
119	323
119	433
119	473
119	487
119	631
119	829
119	861
119	864
119	993
120	132
120	180
120	226
120	375
120	462
120	592
120	670
120	726
120	801
120	818
121	133
121	135
121	138
121	173
121	208
121	223
121	224
121	529
121	579
121	627
121	744
122	169
122	254
122	313
122	340
122	480
122	524
122	565
122	572
122	578
122	684
122	749
123	163
123	170
123	179
123	222
123	303
123	358
123	365
123	386
123	555
123	659
123	730
124	134
124	243
124	251
124	255
124	344
124	444
124	492
124	533
124	675
124	680
124	754
124	951
125	192
125	230
125	280
125	381
125	442
125	491
125	493
125	576
125	678
125	743
125	775
125	853
125	980
126	143
126	333
126	346
126	367
126	476
126	601
126	790
126	813
126	850
127	162
127	270
127	280
127	349
127	399
127	454
127	505
127	581
127	661
127	794
127	962
128	207
128	318
128	374
128	428
128	435
128	746
128	796
128	867
128	928
129	357
129	386
129	595
129	651
129	665
129	714
129	756
129	900
129	940
130	180
130	209
130	233
130	344
130	398
130	404
130	527
130	604
130	900
131	136
131	139
131	160
131	334
131	338
131	351
131	361
131	511
131	535
131	638
131	837
131	914
132	229
132	258
132	361
132	429
132	453
132	468
132	491
132	535
132	644
132	858
132	991
133	137
133	173
133	310
133	401
133	504
133	579
133	744
133	901
133	953
133	975
134	194
134	204
134	255
134	265
134	365
134	397
134	444
134	616
134	675
135	166
135	173
135	205
135	325
135	437
135	504
135	623
135	865
135	868
136	153
136	166
136	209
136	256
136	377
136	382
136	420
136	453
136	511
136	535
136	609
136	713
136	961
137	208
137	253
137	285
137	705
137	750
137	990
138	157
138	184
138	208
138	481
138	529
138	623
138	727
138	753
138	924
139	178
139	183
139	213
139	258
139	345
139	445
139	460
139	503
139	511
139	571
139	735
139	757
140	142
140	155
140	159
140	161
140	264
140	268
140	332
140	425
140	451
140	627
140	819
141	169
141	254
141	293
141	313
141	419
141	630
141	742
141	749
141	781
141	963
141	971
142	150
142	375
142	409
142	545
142	569
142	613
143	171
143	206
143	283
143	301
143	378
143	622
144	154
144	179
144	188
144	212
144	298
144	321
144	337
144	355
144	437
144	619
144	638
144	839
144	994
145	195
145	204
145	215
145	235
145	245
145	282
145	323
145	490
145	631
145	643
145	882
145	998
146	172
146	181
146	225
146	227
146	266
146	402
146	536
146	550
146	681
146	716
146	787
146	832
146	879
146	986
147	190
147	220
147	302
147	356
147	586
147	649
147	907
148	181
148	218
148	225
148	412
148	448
148	601
148	761
148	779
149	223
149	273
149	424
149	498
149	552
149	554
149	618
149	732
149	760
149	786
150	350
150	559
150	746
150	778
150	851
150	874
150	923
150	931
150	962
151	184
151	224
151	368
151	423
151	496
151	585
151	603
151	619
151	682
151	771
152	158
152	174
152	421
152	494
152	538
152	567
152	834
153	191
153	283
153	343
153	422
153	498
153	535
153	915
153	930
153	949
153	961
154	175
154	185
154	267
154	365
154	440
154	449
154	478
154	714
154	804
154	910
155	359
155	385
155	395
155	434
155	488
155	566
155	963
156	185
156	226
156	269
156	364
156	568
156	747
156	780
156	844
156	899
157	212
157	285
157	623
157	933
158	232
158	275
158	333
158	380
158	409
158	440
158	797
159	268
159	356
159	438
159	482
159	483
159	865
160	298
160	377
160	405
160	508
160	566
160	598
160	717
160	961
161	207
161	228
161	438
161	469
161	575
161	725
161	726
161	851
162	184
162	232
162	241
162	257
162	391
162	412
162	451
162	955
163	218
163	324
163	349
163	394
163	396
163	646
163	655
163	659
163	665
163	708
164	176
164	271
164	306
164	467
164	518
164	556
164	632
165	209
165	368
165	392
165	501
165	531
165	861
165	992
166	279
166	296
166	372
166	439
166	453
166	719
166	793
166	863
166	866
167	333
167	373
167	380
167	405
167	500
167	590
167	817
167	919
168	191
168	271
168	401
168	480
168	532
168	600
168	678
169	293
169	299
169	309
169	313
169	525
169	749
169	926
169	945
170	247
170	289
170	303
170	471
170	549
170	708
170	768
170	942
171	173
171	212
171	459
171	635
171	709
171	724
171	971
172	239
172	615
172	759
172	902
172	916
172	928
172	938
172	997
173	181
173	285
173	330
173	540
173	669
173	977
174	206
174	238
174	330
174	506
174	581
174	617
174	691
174	797
174	850
174	894
175	179
175	229
175	276
175	402
175	670
175	674
175	698
175	786
176	280
176	416
176	582
176	602
176	840
177	221
177	241
177	273
177	336
177	364
177	549
177	554
177	629
177	656
177	760
177	999
178	235
178	337
178	416
178	465
178	536
178	551
178	641
178	742
178	827
178	996
179	297
179	387
179	452
179	479
179	585
179	633
179	948
180	189
180	252
180	278
180	342
180	490
180	507
180	805
180	887
180	904
181	239
181	589
181	873
181	895
181	972
182	218
182	456
182	466
182	755
182	955
182	966
183	258
183	283
183	302
183	361
183	446
183	453
183	461
183	511
183	523
183	628
183	828
184	197
184	248
184	259
184	312
184	415
184	674
184	701
184	854
185	218
185	361
185	496
185	810
185	969
186	195
186	196
186	222
186	281
186	383
186	455
186	574
186	924
186	956
187	207
187	211
187	248
187	370
187	392
187	488
187	737
187	867
188	283
188	298
188	345
188	429
188	772
188	906
189	201
189	209
189	266
189	415
189	418
189	558
189	657
189	789
189	862
190	220
190	306
190	505
190	524
190	689
190	948
190	978
191	193
191	701
191	917
192	246
192	302
192	358
192	386
192	603
192	660
192	825
192	968
193	244
193	275
193	334
193	391
193	405
193	412
193	659
193	987
193	996
194	276
194	344
194	458
194	816
194	925
195	234
195	245
195	274
195	427
195	436
195	626
195	685
196	252
196	274
196	473
196	487
196	626
196	776
196	817
196	847
196	891
196	904
197	239
197	411
197	430
197	455
197	476
197	518
197	593
197	982
198	404
198	424
198	427
198	526
198	574
198	985
199	257
199	356
199	469
199	550
199	852
199	928
200	290
200	385
200	410
200	539
200	590
200	797
200	974
201	268
201	278
201	315
201	413
201	430
201	448
201	487
201	657
201	700
202	234
202	321
202	424
202	427
202	460
202	463
202	656
202	887
202	992
203	235
203	289
203	300
203	371
203	594
203	708
203	730
203	960
204	234
204	252
204	343
204	421
204	426
204	518
204	526
204	618
205	212
205	288
205	290
205	428
205	627
205	969
206	353
206	564
206	580
206	591
206	593
206	803
207	228
207	236
207	250
207	264
207	366
208	445
208	623
208	650
208	750
208	889
208	989
209	210
209	245
209	261
209	449
209	662
210	274
210	286
210	322
210	399
210	427
210	432
210	570
210	663
210	788
210	823
210	887
211	264
211	277
211	384
211	403
211	564
211	584
211	819
212	277
212	325
212	806
212	924
213	334
213	382
213	431
213	461
213	628
213	729
213	735
213	857
214	238
214	367
214	500
214	520
214	622
214	698
214	995
215	217
215	278
215	364
215	426
215	479
215	531
215	549
215	570
215	952
216	233
216	267
216	348
216	454
216	474
216	642
216	814
217	404
217	504
217	579
217	671
217	786
217	789
217	800
218	225
218	266
218	402
218	407
218	469
218	550
218	621
218	830
219	222
219	252
219	342
219	554
219	558
219	630
219	690
220	280
220	316
220	381
220	439
220	443
220	552
220	965
221	253
221	516
221	617
221	894
221	911
222	321
222	502
222	802
223	234
223	448
223	570
223	593
223	728
223	774
223	858
224	227
224	267
224	481
224	523
224	594
224	647
224	975
225	363
225	407
225	621
225	873
226	292
226	312
226	318
226	425
226	525
226	545
227	407
227	536
227	550
227	703
227	758
227	787
227	830
227	902
228	429
228	502
228	537
228	557
228	838
228	935
229	351
229	428
229	437
229	498
229	568
229	685
229	939
230	236
230	248
230	318
230	332
230	881
231	338
231	389
231	417
231	530
231	719
232	663
232	713
232	729
233	271
233	321
233	553
233	864
234	411
234	415
235	253
235	273
235	367
235	564
235	566
235	884
236	311
236	312
236	395
236	425
236	545
236	801
236	834
236	844
237	406
237	596
237	689
237	826
237	896
237	946
238	327
238	494
238	541
238	921
238	995
239	374
239	469
239	736
239	752
239	768
240	272
240	442
240	478
241	322
241	336
241	358
241	364
241	399
241	404
241	447
241	558
241	618
242	290
242	567
242	687
242	691
242	773
242	952
243	245
243	262
243	297
243	344
243	573
243	612
244	311
244	318
244	375
244	688
244	818
244	824
245	278
245	433
245	447
245	522
245	845
245	907
246	270
246	328
246	401
246	506
246	606
246	866
246	964
247	270
247	482
247	595
247	619
247	701
247	708
247	798
247	943
248	451
248	547
248	871
248	994
249	291
249	369
249	475
249	537
249	747
249	842
249	848
249	986
250	355
250	357
250	437
250	636
250	833
250	897
251	444
251	458
251	492
251	679
251	727
251	832
251	951
252	282
252	294
252	519
253	364
253	433
253	436
253	611
253	1000
254	293
254	517
254	652
254	666
254	725
254	876
255	297
255	428
255	620
255	675
255	811
255	951
256	390
256	417
256	420
256	439
256	446
256	521
256	827
256	837
257	513
257	561
257	615
257	752
257	768
257	821
257	879
258	322
258	417
258	530
258	946
259	299
259	307
259	539
259	572
259	647
259	652
260	331
260	355
260	369
260	392
260	718
260	764
261	281
261	321
261	364
261	633
261	671
261	823
261	828
261	972
262	313
262	344
262	376
262	397
262	421
262	458
262	780
263	410
263	474
263	489
263	676
263	903
263	988
264	341
264	483
264	744
264	931
265	344
265	488
265	573
265	625
265	727
265	869
266	356
266	358
266	465
266	777
266	852
267	354
267	400
267	410
267	654
267	867
268	331
268	419
268	796
268	935
268	994
269	339
269	497
269	515
269	546
269	592
269	959
270	352
270	655
270	665
271	286
271	381
271	524
271	551
271	733
271	903
272	347
272	386
272	432
272	442
272	493
273	368
273	426
273	553
273	882
273	913
274	330
274	479
274	918
274	922
275	311
275	452
275	460
275	538
275	730
275	762
275	907
275	1000
276	397
276	508
276	754
276	809
276	816
277	349
277	419
277	515
277	652
277	710
277	899
278	456
278	604
278	882
279	465
279	536
279	546
279	703
279	736
279	912
279	928
280	284
280	400
280	532
280	753
281	427
281	436
281	527
281	531
281	544
281	794
282	320
282	322
282	542
282	766
282	897
282	992
283	314
283	338
283	747
283	930
284	488
284	588
284	712
285	309
285	936
285	990
286	589
286	676
286	778
286	811
286	883
286	965
287	395
287	597
287	835
287	843
287	851
288	459
288	553
288	753
288	884
289	371
289	464
289	541
289	683
289	943
290	333
290	373
290	576
290	947
291	329
291	475
291	591
291	706
292	370
292	454
292	467
292	689
292	693
292	789
293	307
293	572
293	920
294	527
294	549
294	569
294	645
294	745
294	815
294	973
295	298
295	338
295	667
295	695
295	719
295	949
296	365
296	439
296	508
296	776
296	866
296	914
297	444
297	573
297	727
297	947
298	641
298	653
298	686
298	866
299	680
299	720
299	722
299	801
299	876
300	651
300	655
300	939
300	984
301	362
301	510
301	698
301	792
302	371
302	379
302	649
303	358
303	693
303	841
304	362
304	468
304	494
304	510
304	782
304	872
305	319
305	331
305	332
305	392
305	435
305	597
305	670
306	360
306	478
306	726
306	733
306	927
307	414
307	525
307	781
307	854
307	996
308	522
308	658
308	756
309	366
309	368
309	452
309	667
310	504
310	934
310	953
311	483
311	495
311	892
312	562
312	624
312	640
312	646
312	888
313	517
314	361
314	490
314	641
314	695
315	317
315	411
315	631
315	675
315	690
315	998
316	337
316	366
316	436
316	678
317	320
317	343
317	418
317	450
317	564
317	600
317	728
318	460
318	679
318	780
319	614
319	640
319	670
319	715
319	720
319	838
320	426
320	527
321	323
321	507
321	891
322	336
322	411
322	929
323	368
323	448
323	582
323	845
324	603
324	649
324	659
324	693
325	460
325	562
326	334
326	382
326	390
326	422
326	530
327	378
327	380
327	893
327	979
328	394
328	432
328	606
328	939
329	393
329	449
329	464
329	700
329	725
329	892
330	500
330	812
330	856
331	393
331	692
332	434
332	525
332	646
332	848
332	938
333	476
333	514
333	856
334	530
334	668
334	863
334	930
335	401
335	457
335	488
335	613
335	624
335	923
336	411
336	553
336	669
336	845
336	897
337	466
337	582
338	523
339	438
339	445
339	556
339	616
339	617
340	403
340	539
340	971
341	384
341	425
341	495
341	747
342	479
342	487
342	548
342	783
343	352
343	611
343	783
344	633
345	377
345	453
345	513
346	569
346	803
347	360
347	602
347	614
347	634
347	707
348	409
348	500
348	541
348	576
348	810
348	909
349	418
349	661
349	759
349	906
350	812
350	983
351	371
351	677
351	960
352	555
352	625
352	860
352	964
353	362
353	372
353	398
353	512
353	808
354	431
354	508
354	653
354	668
354	688
355	550
355	732
355	771
355	879
355	910
356	412
356	550
356	908
357	386
357	683
358	939
359	568
359	624
359	922
360	509
360	610
360	734
360	775
360	959
361	668
361	686
362	374
362	567
362	580
362	886
363	372
363	449
363	639
363	698
363	714
364	558
364	944
365	468
366	432
366	454
367	721
367	834
367	909
368	379
368	408
368	623
368	666
369	592
369	608
369	892
369	982
370	405
370	446
370	890
370	966
370	976
371	394
371	781
372	605
372	782
372	850
372	870
373	398
373	872
374	435
374	504
374	534
375	434
375	750
375	839
376	811
376	815
376	869
377	461
377	540
377	688
377	694
377	940
378	662
378	740
378	976
379	724
380	564
380	687
380	712
380	731
381	544
381	880
382	629
383	458
383	654
383	894
384	451
384	584
384	586
384	665
384	849
385	590
385	699
385	812
386	658
386	964
388	424
388	447
388	672
388	765
388	918
389	405
389	567
389	833
389	857
390	628
390	682
390	729
390	757
391	496
391	737
391	910
392	545
392	800
392	938
393	784
393	844
393	847
394	463
394	809
394	878
395	433
395	557
395	637
395	715
396	660
396	741
396	943
397	816
397	870
397	962
399	607
399	672
399	891
400	406
400	474
400	596
400	656
400	678
401	445
402	772
402	777
403	515
403	547
403	660
404	487
404	531
404	553
405	729
406	723
406	734
407	603
407	777
407	908
408	493
408	885
408	903
409	516
409	583
409	624
410	454
410	604
410	678
410	716
411	536
411	602
411	643
412	465
412	536
412	758
412	902
413	450
413	518
413	645
413	822
414	437
414	614
414	722
414	742
414	926
415	501
415	518
416	517
416	519
416	539
416	647
416	854
417	642
417	757
418	473
418	794
418	815
418	823
418	845
419	546
420	695
420	885
421	869
422	499
422	511
422	523
422	606
422	661
423	435
423	483
423	700
423	824
423	901
425	475
425	488
426	704
426	855
427	530
427	593
428	515
429	446
429	530
430	540
430	630
430	657
430	910
430	913
431	468
432	588
432	687
432	706
433	558
433	618
433	765
434	584
434	896
435	568
435	597
435	842
436	479
436	501
436	748
437	807
437	859
438	769
438	795
439	499
439	915
440	512
440	792
441	505
441	524
441	840
441	968
442	770
442	804
443	751
443	959
445	700
446	729
446	839
446	973
447	605
447	913
448	455
448	765
448	978
449	601
449	933
450	662
450	745
450	881
451	575
451	767
451	841
452	565
453	477
453	688
455	522
455	761
455	802
455	911
456	634
456	704
456	853
457	943
458	492
458	951
459	889
459	969
460	501
460	819
460	824
461	468
462	525
462	569
462	852
463	625
463	677
463	878
464	664
464	700
464	801
465	513
465	759
465	859
466	534
466	559
466	835
467	577
467	690
467	820
468	695
468	772
469	997
470	497
470	613
470	746
470	988
471	984
472	617
472	830
472	950
473	479
473	748
473	1000
474	636
474	755
474	937
475	658
475	963
476	741
477	496
477	563
477	595
477	597
477	930
478	941
478	950
479	973
480	941
480	954
481	610
481	709
481	884
482	560
482	784
482	824
484	510
484	577
484	622
484	683
484	907
484	965
485	648
485	813
485	833
486	681
486	696
486	736
486	752
486	986
487	526
488	841
489	733
489	751
489	791
490	570
490	651
491	707
491	734
491	950
492	533
494	695
494	909
495	637
495	692
496	522
496	705
498	577
498	908
499	827
499	857
502	535
502	702
502	733
503	573
503	653
503	735
503	793
504	709
505	636
505	826
506	724
507	672
507	831
507	985
508	533
508	858
509	518
509	718
509	767
509	825
509	842
510	834
511	644
511	910
512	552
512	599
512	621
512	949
513	531
513	621
513	703
513	852
514	773
514	808
515	575
516	698
516	909
516	925
517	578
518	929
519	680
519	684
519	854
519	945
520	540
520	541
520	590
521	790
522	574
522	607
523	776
523	906
523	930
524	954
526	728
526	760
528	731
529	917
530	653
531	874
532	751
532	803
533	811
534	544
536	563
537	592
537	716
537	814
538	559
538	740
538	790
538	921
539	614
539	722
539	742
541	721
542	694
542	774
542	982
543	640
543	769
543	795
543	865
544	689
545	667
546	569
546	843
547	613
547	838
548	673
548	792
548	932
549	786
551	676
552	634
552	965
553	671
554	894
554	967
555	900
556	603
556	880
556	948
557	720
557	957
558	694
559	576
560	654
560	822
560	829
561	782
562	924
563	758
563	912
565	720
565	877
565	945
566	703
566	898
568	769
568	771
569	896
570	944
570	987
571	890
573	616
574	760
575	901
577	677
577	739
577	871
578	781
579	650
580	717
580	918
581	870
583	739
583	808
584	843
586	874
586	901
588	610
588	849
589	626
590	741
591	717
591	813
591	850
594	721
595	711
595	748
597	696
598	642
598	980
599	635
599	740
599	773
600	849
600	877
601	615
601	759
604	944
605	763
605	803
608	784
609	619
611	786
611	802
611	833
612	620
612	925
613	963
614	673
614	953
615	986
615	997
616	832
617	831
618	745
618	990
620	779
620	832
621	681
623	679
625	665
626	788
627	898
628	966
629	690
630	766
630	822
631	902
632	941
633	739
633	905
637	696
637	706
638	919
638	996
639	790
640	706
640	749
641	682
641	940
642	719
642	863
643	671
643	679
643	716
644	682
644	996
645	837
645	929
646	780
646	824
647	680
648	710
648	712
648	717
648	937
650	764
650	967
651	731
651	984
652	945
654	789
655	960
656	732
657	918
657	979
659	860
660	699
661	839
661	911
662	897
663	788
663	1000
664	814
664	875
667	836
668	837
669	967
672	797
673	773
673	856
677	981
681	821
682	829
685	738
685	968
686	890
688	981
689	983
692	799
697	703
697	768
697	912
699	939
702	975
704	978
705	750
706	993
707	775
710	714
711	730
711	758
712	803
713	921
715	762
715	807
715	844
716	904
716	977
717	810
719	802
719	966
721	741
723	948
723	980
724	825
727	809
728	864
730	900
737	752
738	931
739	991
741	834
745	791
746	951
747	841
753	868
755	965
757	762
761	879
761	970
762	795
763	788
764	931
764	993
765	802
766	815
769	823
769	938
772	828
777	787
778	983
779	890
779	893
780	881
781	876
785	987
787	970
788	820
789	882
790	810
793	858
794	820
794	823
796	838
796	875
800	923
804	932
805	982
806	826
806	954
814	896
817	887
818	899
819	865
821	912
825	878
828	837
829	855
829	987
830	852
831	871
842	892
843	923
846	991
847	998
848	922
849	946
851	922
856	913
857	906
861	912
862	904
862	918
865	931
868	953
868	969
878	900
880	955
883	950
883	956
884	934
891	962
894	985
895	902
897	973
899	901
906	966
908	986
913	987
917	975
917	977
922	936
929	985
932	962
932	995
933	990
934	967
936	967
944	968
949	991
974	984
